341
561
645
1105
1387
1729
1905
2047
2465
2701
2821
3277
4033
4369
4371
4681
5461
6601
7957
8321
8481
8911
10261
10585
11305
12801
13741
13747
13981
14491
15709
15841
16705
18705
18721
19951
23001
23377
25761
29341
30121
30889
31417
31609
31621
33153
34945
35333
39865
41041
41665
42799
46657
49141
49981
52633
55245
57421
60701
60787
62745
63973
65077
65281
68101
72885
74665
75361
80581
83333
83665
85489
87249
88357
88561
90751
91001
93961
101101
104653
107185
113201
115921
121465
123251
126217
129889
129921
130561
137149
149281
150851
154101
157641
158369
162193
162401
164737
172081
176149
181901
188057
188461
194221
196021
196093
204001
206601
208465
212421
215265
215749
219781
220729
223345
226801
228241
233017
241001
249841
252601
253241
256999
258511
264773
266305
271951
272251
275887
276013
278545
280601
282133
284581
285541
289941
294271
294409
314821
318361
323713
332949
334153
340561
341497
348161
357761
367081
387731
390937
396271
399001
401401
410041
422659
423793
427233
435671
443719
448921
449065
451905
452051
458989
464185
476971
481573
486737
488881
489997
493697
493885
512461
513629
514447
526593
530881
534061
552721
556169
563473
574561
574861
580337
582289
587861
588745
604117
611701
617093
622909
625921
635401
642001
647089
653333
656601
657901
658801
665281
665333
665401
670033
672487
679729
680627
683761
688213
710533
711361
721801
722201
722261
729061
738541
741751
742813
743665
745889
748657
757945
769567
769757
786961
800605
818201
825265
831405
838201
838861
841681
847261
852481
852841
873181
875161
877099
898705
915981
916327
934021
950797
976873
983401
997633
1004653
1016801
1018921
1023121
1024651
1033669
1050985
1052503
1052929
1053761
1064053
1073021
1082401
1082809
1092547
1093417
1104349
1106785
1109461
1128121
1132657
1139281
1141141
1145257
1152271
1157689
1168513
1193221
1194649
1207361
1246785
1251949
1252697
1275681
1277179
1293337
1302451
1306801
1325843
1333333
1357441
1357621
1373653
1394185
1397419
1398101
1419607
1433407
1441091
1457773
1459927
1461241
1463749
1472065
1472353
1472505
1485177
1489665
1493857
1500661
1507561
1507963
1509709
1520905
1529185
1530787
1533601
1533961
1534541
1537381
1549411
1569457
1579249
1584133
1608465
1615681
1620385
1643665
1678541
1690501
1711381
1719601
1730977
1735841
1746289
1755001
1773289
1801969
1809697
1811573
1815465
1826203
1827001
1830985
1837381
1839817
1840357
1857241
1876393
1892185
1896961
1907851
1908985
1909001
1937881
1969417
1987021
1993537
1994689
2004403
2008597
2035153
2077545
2081713
2085301
2089297
2100901
2113665
2113921
2121301
2134277
2142141
2144521
2162721
2163001
2165801
2171401
2181961
2184571
2205967
2213121
2232865
2233441
2261953
2264369
2269093
2284453
2288661
2290641
2299081
2304167
2313697
2327041
2350141
2387797
2414001
2419385
2433601
2434651
2455921
2487941
2491637
2503501
2508013
2510569
2513841
2528921
2531845
2537641
2603381
2609581
2615977
2617451
2626177
2628073
2649029
2649361
2670361
2704801
2719981
2722681
2746477
2746589
2748023
2757241
2773981
2780731
2793351
2797921
2811271
2827801
2867221
2880361
2882265
2899801
2909197
2921161
2940337
2944261
2953711
2976487
2977217
2987167
3020361
3048841
3057601
3059101
3073357
3090091
3094273
3116107
3125281
3146221
3165961
3181465
3186821
3224065
3225601
3235699
3316951
3336319
3337849
3345773
3363121
3370641
3375041
3375487
3400013
3413533
3429037
3435565
3471071
3539101
3542533
3567481
3568661
3581761
3605429
3656449
3664585
3679201
3726541
3746289
3755521
3763801
3779185
3814357
3828001
3898129
3911197
3916261
3936691
3985921
4005001
4014361
4025905
4038673
4069297
4072729
4082653
4097791
4101637
4151869
4154161
4154977
4181921
4188889
4209661
4229601
4259905
4314967
4335241
4360621
4361389
4363261
4371445
4415251
4463641
4469471
4480477
4502485
4504501
4513841
4535805
4567837
4613665
4650049
4670029
4682833
4698001
4706821
4714201
4767841
4806061
4827613
4835209
4863127
4864501
4868701
4869313
4877641
4895065
4903921
4909177
4917331
4917781
4922413
4974971
4984001
5016191
5031181
5034601
5044033
5049001
5095177
5131589
5133201
5148001
5173169
5173601
5176153
5187637
5193721
5250421
5256091
5258701
5271841
5284333
5310721
5351537
5400489
5423713
5444489
5456881
5481451
5489121
5489641
5524693
5529745
5545145
5551201
5560809
5575501
5590621
5599765
5632705
5672041
5681809
5733649
5758273
5766001
5804821
5859031
5872361
5919187
5968261
5968873
5977153
6027193
6049681
6054985
6118141
6122551
6135585
6140161
6159301
6183601
6189121
6212361
6226193
6233977
6235345
6236257
6236473
6242685
6255341
6278533
6309901
6313681
6334351
6350941
6368689
6386993
6474691
6539527
6617929
6628385
6631549
6658669
6732817
6733693
6749021
6779137
6787327
6836233
6840001
6868261
6886321
6912079
6952037
6955541
6973057
6973063
6998881
7008001
7017193
7040001
7177105
7207201
7215481
7232321
7233265
7259161
7273267
7295851
7306261
7306561
7414333
7416289
7428421
7429117
7455709
7462001
7516153
7519441
7546981
7656721
7674967
7693401
7724305
7725901
7759937
7803769
7808593
7814401
7820201
7883731
7995169
8012845
8036033
8041345
8043841
8095447
8134561
8137585
8137633
8180461
8209657
8231653
8239477
8280229
8321671
8322945
8341201
8355841
8362201
8384513
8388607
8462233
8534233
8640661
8646121
8650951
8656705
8719309
8719921
8725753
8727391
8745277
8812273
8830801
8902741
8916251
8927101
8992201
9006401
9037729
9040013
9046297
9056501
9063105
9069229
9073513
9084223
9106141
9131401
9143821
9223401
9224391
9273547
9345541
9371251
9439201
9480461
9494101
9533701
9564169
9567673
9582145
9585541
9588151
9591661
9613297
9638785
9692453
9724177
9729301
9774181
9816465
9834781
9863461
9890881
9908921
9920401
9995671
10004681
10024561
10031653
10033777
10079521
10084177
10134601
10185841
10226161
10239985
10251473
10266001
10267951
10275685
10317601
10323769
10331141
10386241
10393201
10402237
10402561
10403641
10425511
10505701
10513261
10545991
10606681
10610063
10635751
10655905
10680265
10700761
10712857
10763653
10802017
10818505
10837321
10877581
10956673
10958221
10974385
10974881
11034365
11075857
11081459
11115037
11119105
11157721
11205601
11242465
11328409
11335501
11367137
11433301
11473885
11541307
11585293
11592397
11644921
11767861
11776465
11777599
11875821
11921001
11972017
12032021
12067705
12096613
12261061
12262321
12263131
12273769
12322133
12327121
12376813
12407011
12490201
12498061
12584251
12599233
12643381
12659989
12702145
12711007
12757361
12783811
12854437
12932989
12936763
12939121
12945745
12979765
13057787
13073941
13187665
13216141
13295281
13333441
13338371
13357981
13421773
13446253
13448593
13500313
13554781
13635289
13635649
13694761
13696033
13747361
13757653
13773061
13823601
13838569
13856417
13899565
13942081
13971841
13991647
13992265
13996951
14012797
14026897
14154337
14179537
14282143
14324473
14469841
14556081
14589901
14609401
14671801
14676481
14684209
14709241
14794081
14796289
14865121
14870801
14885697
14892153
14898631
14899751
14913991
14980411
15082901
15101893
15124969
15139199
15162941
15188557
15207361
15220951
15247621
15248773
15268501
15403285
15472441
15479777
15510041
15525241
15560461
15583153
15603391
15621409
15698431
15700301
15716041
15732721
15757741
15802681
15829633
15888313
15913261
15976747
15978007
16046641
16053193
16070429
16132321
16149169
16149601
16153633
16158331
16263105
16324001
16349477
16360381
16435747
16539601
16666651
16705021
16717061
16773121
16778881
16818877
16822081
16843009
16853077
16879501
16973393
16998961
17020201
17098369
17116837
17134043
17208601
17236801
17316001
17327773
17375249
17405537
17429861
17450569
17509501
17585969
17586361
17590957
17641207
17698241
17759681
17777191
17812081
17870561
17895697
18003349
18007345
18067501
18073817
18137505
18151861
18162001
18300241
18307381
18366937
18443701
18454921
18468901
18487267
18490381
18535177
18541441
18595801
18607009
18653353
18736381
18740971
18779761
18900973
18985627
19020191
19054933
19092921
19149571
19260865
19328653
19384289
19404139
19471033
19523505
19569265
19607561
19683001
19734157
19781763
19985269
20081953
20099017
20117467
20140129
20202481
20234341
20261251
20417311
20489239
20494401
20626165
20647621
20770621
20964961
20968501
21042001
21224401
21303343
21306157
21355951
21359521
21397381
21400481
21414169
21417991
21459361
21474181
21559741
21584305
21585313
21623659
21654533
21715681
21789901
21814417
21880801
21907009
22066201
22075579
22087477
22137809
22203181
22215961
22269745
22351249
22369621
22397497
22432201
22480381
22487101
22509691
22513457
22564081
22591301
22665505
22669501
22711873
22848541
22849481
22885129
22899097
22953673
23054601
23247901
23261713
23283037
23286781
23315977
23382529
23386441
23405341
23464033
23517985
23577497
23634181
23734901
23736385
23808721
23822329
23828017
23872213
23963869
23966011
24037021
24158641
24161905
24214051
24356377
24726773
24776557
24904153
24913681
24929281
25080101
25150501
25266745
25270105
25276421
25326001
25457833
25520833
25540291
25557121
25603201
25629913
25640641
25696133
25768261
25831585
25840081
25846913
25873381
25909453
25947959
26254801
26280073
26296401
26377921
26465089
26470501
26474581
26553241
26634301
26719701
26758057
26813221
26821601
26840269
26877421
26886817
26921089
26932081
26977001
27032545
27062101
27108397
27118601
27128201
27168337
27218269
27219697
27271151
27279409
27331921
27336673
27380831
27392041
27401401
27402481
27409541
27476641
27491237
27492581
27509653
27600001
27664033
27700609
27714961
27736345
27798461
27808463
27846721
27966709
27986421
28011001
28029001
28071121
28172629
28175001
28312921
28325881
28406953
28449961
28527049
28572961
28629613
28717483
28787185
29020321
29111881
29137021
29143633
29214541
29581501
29593159
29732221
29878381
30022129
30058381
30069721
30090817
30185569
30219757
30295141
30296761
30338593
30388753
30411201
30418957
30529693
30576151
30653245
30662497
30718441
30739969
30740417
30881551
30894307
30951181
30958201
30971161
30992401
30996001
31040833
31118221
31146661
31150351
31166803
31198693
31405501
31436123
31692805
31735621
31759121
31766983
31794241
31880577
32080651
32091781
32095057
32158621
32168117
32264029
32285041
32368609
32428045
32497921
32676481
32701297
32756581
32899201
32914441
33018985
33146717
33193117
33298337
33302401
33408145
33596641
33600533
33627301
33704101
33840397
33848311
33872593
33965261
34003061
34043101
34100821
34111441
34124641
34196401
34386121
34487601
34540801
34581457
34603041
34657141
34856167
34890481
34901461
34944001
35428141
35498467
35571601
35576599
35626501
35703361
35820937
35851037
35926801
35932441
35967921
35976721
36121345
36168265
36255451
36291193
36307981
36338653
36354449
36448387
36507801
36721021
36724591
36765901
36852481
36861901
36919681
36942157
36974341
36981601
37109467
37167361
37280881
37354465
37376509
37439201
37469701
37491301
37695505
37727341
37769887
37938901
37962541
37964809
37988497
38010307
38046817
38118763
38151361
38171953
38210323
38239741
38342071
38404501
38439523
38453151
38560861
38584801
38624041
38637361
38789913
38790753
38801089
38903287
38971661
39016741
39052333
39117439
39126313
39353665
39465091
39467377
39512773
39573073
39655153
39684157
39789841
40094341
40160737
40165093
40238797
40280065
40315441
40325041
40361197
40374901
40430401
40622401
40629601
40778989
40782589
40801861
40827473
40841821
40886241
40917241
40928701
40933705
40987201
41017681
41067665
41073241
41102601
41121433
41262073
41298985
41341321
41396921
41424801
41471521
41541241
41568101
41590297
41604109
41607721
41642681
41662297
41840809
41866001
41987111
42009217
42344609
42485119
42490801
42623017
42689305
42694279
42697873
42702661
42709591
42763501
42984589
42998901
43039501
43136821
43224397
43235641
43286881
43331401
43363601
43397551
43584481
43620409
43661257
43798457
43914949
44070841
44081101
44238481
44314129
44347381
44465221
44472001
44482901
44521301
44671001
44695211
44731051
44823241
44824501
44912701
44953441
44963029
45100177
45175201
45219329
45318561
45393601
45414433
45485881
45563027
45593065
45769645
45819541
45830161
45877861
45879941
45890209
46045117
46055851
46094401
46104697
46256489
46282405
46325029
46386589
46469809
46483633
46517857
46647745
46657181
46679761
46860001
46878601
47006785
47063611
47220367
47253781
47349373
47356171
47647117
47734141
47744209
47759041
47903701
47918581
47930023
47953621
48064021
48191653
48269761
48277081
48316321
48316969
48321001
48369727
48398065
48400753
48448661
48462301
48506581
48551161
48563089
48592393
48628801
48650641
48656869
49075417
49084321
49303801
49333201
49411801
49430305
49439237
49459801
49472281
49664207
50155733
50176477
50193793
50201089
50376019
50443201
50473501
50523661
51030601
51129781
51283501
51302353
51340807
51396865
51500521
51509161
51627817
51803821
51890545
52018341
52072021
52119289
52142221
52181407
52204237
52365457
52452905
52869601
53154337
53245921
53283169
53315605
53399449
53542147
53560801
53656021
53661945
53675623
53695721
53711113
53728921
53795521
54029741
54060721
54177949
54215161
54448153
54449431
54468001
54545821
54651961
54767881
54772381
55035001
55109401
55176097
55200181
55318957
55324801
55329985
55462177
55610837
55729957
55961065
56052361
56420033
56479897
56608201
56643181
56669041
56687821
56810137
57130161
57172501
57421219
57561085
57707209
57749185
57762433
58003213
58422409
58449847
58489201
58498105
58509977
58679941
58708761
58755877
58903741
59408497
59426221
59469697
59586241
59589973
59631211
59840537
59913157
59953741
59955331
59999011
60112885
60155201
60352921
60375745
60514129
60547831
60558841
60566431
60581401
60696661
60738257
60761701
60769051
60925879
60957361
60998653
61198921
61201009
61219789
61309333
61330291
61377109
61679905
61754941
61755751
61794709
61832377
62176661
62248649
62289541
62490901
62633371
62656985
62756641
63001801
63002501
63065281
63127681
63167743
63294553
63318169
63328469
63337393
63346999
63388033
63526519
63560685
63729073
63781901
63884521
63919801
64009261
64148717
64162693
64238021
64377991
64477249
64567405
64605041
64644385
64685545
64735897
64774081
64940041
65037817
65144501
65241793
65254393
65301013
65350801
65350821
65359477
65427701
65523781
65565457
65919745
66024901
66096253
66296401
66384121
66437841
66760471
66790057
66849091
66886417
66932851
66976273
66977281
67194401
67213801
67371265
67529437
67541761
67559383
67642513
67653433
67763803
67902031
67928221
67940449
67968385
67994641
68033801
68075177
68102641
68154001
68165761
68275873
68512867
68621701
68776561
68800501
68830021
68839597
68958681
69030901
69128641
69176647
69228967
69231061
69331969
69414301
69485281
69612061
69615793
69678307
69705529
69741001
69776785
69885649
69917371
70006021
70030501
70147561
70149631
70195501
70461331
70463489
70484065
70488001
70541099
70561921
70593931
70626301
70695769
70728121
70938429
71040561
71079661
71107681
71479765
71570017
71572957
71711839
71734417
71804161
72108421
72135505
72192021
72286501
72348409
72498253
72543547
72595951
72680431
72734041
72803809
72805981
72884701
72887585
73346365
73439185
73451665
73522051
73562833
73645001
73721341
73988641
74165065
74193769
74217487
74329399
74411131
74658629
74698345
74705401
74874869
74927161
74945953
75140137
75143251
75151441
75187669
75501793
75565873
75676861
75681541
75765313
75836905
75927853
76595761
76704433
76725091
76745101
76923461
76969621
77082545
77295961
77334769
77442905
77477401
77518981
77533123
77576401
77594653
77648941
77812153
77817979
77826001
77858221
78073801
78091201
78120001
78206917
78397705
78526729
78671651
78795181
78844801
78905989
78939089
79398901
79411201
79417801
79464533
79525261
79539197
79624621
79625701
79739713
79786523
79854409
79895401
80142761
80146909
80282161
80375707
80556337
80687881
80787421
80891009
80918281
80927821
81189433
81433591
81445585
81480601
81612105
81638401
81680941
81722145
81789301
81926461
81954133
82023649
82139471
82219801
82268033
82273201
82279741
82416101
82452061
82506439
82847001
82870517
82882753
82929001
82976181
82995421
83058481
83083001
83099521
83103329
83204801
83814151
83966401
84028407
84164033
84234745
84311569
84350561
84375761
84417985
84421081
84487457
84758389
84809521
84998503
85030921
85207669
85328717
85374577
85400701
85519337
85759147
85761481
85823401
85875361
86027329
86067241
86114117
86204977
86438857
86484269
86530621
86559045
86968981
86999837
87211573
87318001
87483241
87499651
87558127
87571121
87694261
88099339
88123141
88256449
88368853
88407361
88466521
88615801
88661861
88689601
88735921
88930463
89148417
89244901
89308771
89670001
89784581
89816545
89896717
89915365
89961421
90014653
90270613
90278161
90341197
90532141
90626185
90665789
90670861
90698401
90803429
91367431
91433281
91453705
91587289
91659283
92027001
92139433
92343745
92438581
92625121
92631001
92645437
92677273
92829781
92974921
93030145
93431521
93473953
93541537
93571633
93591721
93614521
93643201
93677761
93839201
93845161
93869665
93926197
93967105
94316401
94502701
94536001
94790401
95053249
95200561
95423329
95451361
95452781
96135601
96259681
96271681
96386865
96589585
96618397
96653985
96791881
96888641
96895441
96904081
96916279
96925921
97047301
97255801
97420141
97487785
97496449
97655933
97676723
97796953
97863529
97924217
98124481
98523877
98586541
98602381
98735209
98756281
99036001
99115297
99486889
99551881
99789673
99830641
99861985
99898801
99945007
99971821
100017223
100302301
100359337
100427041
100462141
100463443
100618933
100860997
100907047
100943201
101141461
101152133
101158093
101218921
101232145
101270251
101276579
101592973
101612641
101649241
101929681
101954077
101957401
102004421
102090781
102134113
102237721
102443749
102678031
102690677
102690901
102696901
102757501
102922117
102940993
103022551
103065945
103301633
104078857
104086801
104233141
104404861
104484601
104524421
104569501
104852881
104857391
104891761
104988673
105007549
105085981
105117481
105305443
105309289
105370805
105517621
105569101
105859585
105869401
105919633
105941851
106041937
106169761
106402801
106485121
106622353
106676301
106743073
106775761
107023281
107085007
107101513
107264521
107360641
107543333
107714881
108145741
108150661
108596953
108870961
108927721
108952411
109052113
109118791
109231229
109245585
109316593
109322501
109393201
109437751
109541461
109577161
109583601
109879837
110135821
110139499
110301121
110312773
110413333
110495083
110671341
110717861
110851741
111202297
111291181
111370141
111463705
111654401
111837181
112032001
112037185
112402981
112792519
112828801
112844131
113352401
113359321
113589601
113605201
113730481
113886361
113892589
114046381
114202465
114305441
114329881
114362281
114469073
114507121
114701341
114712753
114842677
114910489
114940945
115007581
115039081
115085701
115174681
115196033
115497901
115542505
115582741
115595701
115756201
115804501
115873801
116090081
116148649
116151661
116321617
116397345
116463007
116617289
116682721
116696161
116964289
116998669
117246949
117251641
117445987
117450145
117744901
117959221
117987841
118216981
118352697
118466401
118634977
118712881
118886401
118901521
119051101
119074501
119092801
119118121
119204809
119261113
119273701
119327041
119378351
119532385
119558011
119743537
119811601
119940853
120296677
120517021
120557053
120570409
120838609
120981601
121017261
121062001
121128361
121247281
121374241
121422301
121472359
121609489
121701385
122166307
122396737
122401441
122558185
122569993
122649901
122785741
122941981
123054841
123191797
123330371
123481777
123559837
123671671
123718861
123877081
123886003
123987793
124071977
124116763
124145473
124167201
124593301
124630273
124793521
124818601
125284141
125686241
125707681
125739361
125841633
125848577
125999245
126132553
126619741
126682753
126886447
127050067
127306081
127479097
127664461
127710563
128027831
128039241
128079409
128124151
128396921
128468957
128536561
128622781
128626219
128665319
128697361
128987429
129205781
129255841
129256273
129357061
129461617
129524669
129569881
129604321
129762001
129812761
129924451
130032865
130338321
130497361
130497985
130513429
130556329
130651753
130693393
130766239
130922221
130944133
131023201
131117941
131421541
131567929
131585421
131701921
131821747
131922701
131938561
132239521
132332201
132338881
132440521
132511681
132575071
132841369
132901561
132915601
133157701
133205761
133216381
133302781
133344793
133427449
133467517
133496221
133800661
134188381
134384069
134564501
134696801
134767153
134809921
134857801
134868029
135263269
135296053
135303805
135308881
135437129
135556345
135866017
135945853
135969401
136043641
136217251
136446465
136545067
136578421
136625941
136645561
136661201
136722433
137009181
137345221
137415821
137763037
137897881
137972561
138012733
138030721
138223009
138280381
138336661
138403981
138511441
138652921
138736153
138828821
139133611
139295701
139319293
139336653
139363927
139477405
139487041
139489251
139536865
139592101
139892065
139952671
140047921
140167729
140197051
140201569
140241361
140249201
140285377
140296861
140710421
140723401
140996401
141165361
141429009
141574219
142525333
142585701
142825033
142922413
143071601
143106133
143168581
143258689
143453905
144014833
144093313
144200001
144218341
144426085
145082201
145124785
145206361
145334821
145348529
145745601
145856701
146023351
146156617
146272901
146659801
146843929
146884393
147028001
147105505
147269251
147287141
147868201
148087801
148109473
148171769
148392781
148705481
148910653
149065489
149069989
149389633
149442879
149762017
149796001
150017401
150260893
150379693
150418801
150846961
150886681
150960239
150966901
150988753
151530401
151533377
151589881
151813201
151833561
152192041
152255611
152486551
152674705
152716537
152814531
152922001
152991841
153365521
153369061
153384661
153393637
153449101
153589801
153754873
153927961
153928133
153958321
154045801
154076541
154195801
154287451
154364221
154510705
154513633
154797085
154910869
154944533
155094121
155102221
155156581
155172165
155203361
155255881
155358529
155840777
156114061
156226321
156430345
156532799
156538201
156858801
157010389
157069189
157368661
157405249
157725829
157731841
157852201
158068153
158115721
158192317
158397247
158404141
158496911
158544401
158845569
158864833
158895281
159412051
159420457
159492061
159874021
160348189
160378861
160491329
160587841
160672201
160730389
161030001
161035057
161109613
161146385
161184013
161216021
161242705
161289649
161293249
161304001
161341181
161369101
161423377
161498681
161913961
162026869
162067441
162690481
162771337
162776041
162999145
163021423
163442551
163759753
163849393
163954561
164008321
164111281
164391481
164916001
165061909
165163265
165224321
165479113
165538447
165654721
165886561
165892501
165938653
165990651
166082309
166099501
166339057
166406561
166444181
166724041
166827943
167187385
167188861
167579497
167582377
167692141
167881121
167958961
167979421
168058045
168132601
168147365
168448105
168566501
168659569
168752305
169004921
169057801
169570801
169655641
169930549
170640961
170782921
170837409
170853211
170856533
170947105
171068893
171149749
171438001
171454321
171567481
171679561
171704065
171747577
171804061
171823693
172028053
172116181
172272187
172290241
172295761
172430401
172436713
172596601
172947529
173085121
173401621
173405233
173928601
174156481
174352641
174479729
174638419
174769621
175313401
175484291
175656601
175747457
175997185
176030977
176571089
176597821
176609441
176659201
176977921
177167233
177254533
177349147
177693521
177702241
177927641
177951973
178451857
178482151
178837201
178956971
179083601
179223265
179285137
179306345
179695321
179820257
180115489
180497633
180703451
180801253
181111951
181154701
181234801
181285001
181285537
181299811
181382401
181397161
181449073
181542601
181647497
181828765
181870591
182082901
182356993
182383111
182688661
183349453
183502369
183554407
183677341
183739141
183788161
184353001
184411567
184527101
185203921
185206757
185265809
185365141
185653333
185697121
185753121
185887329
186183469
186393481
186654241
186739057
186782401
186846301
186983521
187050529
187155383
187188001
187460785
187667969
187761241
187823141
188082301
188133085
188382487
188481601
188516329
188519653
188689501
188719381
188821951
188985961
189184661
189714193
189738361
189941761
190212181
190382161
190667851
190824817
190913297
191191933
191233813
191326141
191648161
191752093
191981609
192070081
192081097
192112921
192346153
192736965
192844345
192857761
192920161
193004281
193009861
193298365
193330237
193622001
193638337
193708801
193816351
193910977
193949641
194120389
194296369
194298189
194523121
194556451
194579785
194675041
195412621
195475351
195827521
196035001
196049701
196231393
196358977
196958161
197168401
197200201
197466361
197526421
197747377
197781221
198982759
199674721
200143351
200144253
200453401
200479301
200753281
200767645
201081001
201246139
201261061
201646801
201789127
201998965
202006441
202130197
202156813
202538857
202900021
203049721
203095985
203215297
203269177
203331877
203505697
203789951
203875001
203886241
204280501
204582457
204669829
204766381
204821401
205057561
205374961
205429533
205534681
205997401
206028271
206304961
206453509
206472961
206504033
206529737
206623873
206804701
206955841
207008569
207030541
207104041
207132481
207399917
207477001
207487561
207618781
207767281
208051201
208096681
208474669
208715221
208965421
208969201
208969223
209246701
209404369
209990881
210431761
210565981
210592873
210628657
210636707
210687841
210842113
211734271
212007601
212027401
212841565
213035761
213111163
213228121
213264745
213349039
213350681
213451549
213545473
213804191
213835861
214038533
214110541
214850881
214852609
214858717
214865785
215036641
215107201
215344345
215436241
215878531
215957281
215973001
216192145
216431041
216797601
216821881
216838945
217123069
217145881
217472501
217517653
217875571
218115265
218321797
218603617
218642029
218698921
218947121
219621781
219716641
220261861
220507561
220531501
220883521
221368153
221415781
221669953
221884001
222010721
222123889
222354721
222436501
222524347
222630193
223435261
223449463
223625851
223782263
223846129
224073865
224074369
224080921
224136013
224460181
224578081
224582221
224617541
224769241
224957893
225000007
225028117
225651469
225745345
225853633
226018585
226359547
226450297
226481905
226509361
226791685
226872685
227132641
227319001
227444101
227475481
227518271
227752993
228549565
228652201
228842209
228988033
229330441
229589413
229906711
230029021
230357761
230630401
230879041
230996949
231194965
231383461
231405701
231575761
231638797
231821659
231927781
232114433
232168105
232265881
232460821
232674541
232771501
232794253
233082331
233110081
233424841
233812657
233955905
234420481
234564829
234691381
234743041
234869009
234870301
235201461
235426913
235476697
235562041
235742513
235928071
236530981
237023281
237570191
237597361
237791143
237984241
237994381
238001653
238018341
238199941
238240465
238244041
238432201
238527745
238565713
238568749
238833421
239194171
239582401
239604301
239612297
240068041
240175321
240371713
240694513
240785047
240982561
241031701
241048081
241180369
241242001
241477039
241505377
241533527
241927861
241955701
242067841
242131889
242214721
242239321
242641153
242650717
242729401
242819809
242860069
243583201
243829261
243955141
244175779
244306151
244528561
244883981
244973431
245006623
245388781
245950561
245956501
246099317
246282511
246434761
246446929
246658441
246970945
246975481
247095361
247318957
247321301
247416101
247536811
247704757
247800709
248031745
248290927
249582481
249679501
249993101
250200721
250385401
250436033
250612831
250707073
250958401
250988173
251528401
251663837
251737993
251855893
252141121
252778681
252853921
253571291
253610281
253880641
253893397
254054505
255160621
255318001
255416897
255655401
255955393
256192861
256828321
256831433
256901569
256979609
257059279
257495641
257567545
257590661
257595457
257725693
258020473
258043229
258172333
258234401
258434749
258634741
258676741
258910513
258943741
258944401
259763093
259765747
259913501
260005141
260035741
260156101
260518801
260736341
260963389
261186001
261312481
261430237
261523801
261598213
261703417
261870841
261938561
262412445
262700137
262979501
263428181
264269449
264350521
264384469
264724201
265020001
265584133
265728101
265729465
265735969
265836161
266003101
266462701
266790481
266811169
266925601
266983501
267559627
268042209
268359001
268505089
268554313
268787701
269053681
269081509
269392201
269470501
269800741
269953489
269988445
270495841
270525737
270857521
271272569
271481329
271682651
271763467
271794601
271826629
271950829
272223557
272263501
272479285
272786737
272946241
272973517
273321665
273361789
273480637
273769921
273853801
274014885
274455457
274566721
274569601
274683421
274701913
274810241
274919401
275283401
275529559
275619961
275933281
276018913
276131137
276198245
276542401
276638321
276693121
277241401
277739767
277787141
277897813
278152381
278388881
278943061
279377281
279729661
280067761
280761481
280885153
281719351
282049705
282240721
282253141
282471853
282599101
282707461
282721297
282769771
283900961
283936001
284166877
284301751
284631061
284666111
284736091
284830273
284834299
285212689
285600601
285820501
285858145
286065571
286316801
287160301
287449091
287715121
288099001
288117721
288120421
288728761
288735277
289109941
289765981
289766701
289795837
289860481
290020061
290344753
290495101
290643601
290706781
290743459
290953921
291088513
291461633
291848401
292153681
292236841
292244833
292290181
292433321
292776121
292902481
293346637
293609485
293847721
293938261
294184801
294721945
294911401
295308433
295419097
295643089
295665409
295743017
295826581
295981687
296023729
296509357
296559361
296639869
297243145
297411661
297549501
297624961
297798961
297812677
298212601
298811017
299041381
299120185
299367877
299671921
299736181
300614161
301030801
301068001
301413001
301704985
302214817
302560501
302635351
302751505
303373801
303532201
303639337
303817411
303899149
304080001
304875553
304929613
305314465
305594101
305897131
306143647
306703801
306842401
306859861
306871201
307367171
307629401
307694323
307972801
308119141
308448649
308483209
308550061
308980321
309666361
310302901
310474249
310585771
310978027
311157901
311177213
311295601
311297701
311388337
311411629
311655829
311671361
312408113
312614021
312703093
312734305
312890689
312903921
313338061
313533529
313748611
313980913
314089161
314184487
314292889
314721001
314970121
315034513
315145477
315351521
316126081
316349281
316572385
317137969
317365933
317501401
317520401
317641171
317657341
317796119
318266641
319053281
319161361
319374577
319440769
319726177
320326003
320454751
320819941
320894687
321197185
321324589
321524281
321602401
321831181
321850849
322020973
322469701
322941881
323192521
323654041
323901007
324171541
324216685
324477697
325028089
325352101
325546585
325546873
325645321
325842481
326266051
326405713
326469137
326628721
326694301
326695141
326695357
326854981
327073601
327093409
327201121
327398009
327642613
327718401
328098601
328135051
328176745
328190185
328302901
328375501
328573477
328719601
329153653
329326621
329379505
329558329
329725981
329769721
329788981
330133321
330198331
330396701
330759617
331240001
331458739
331658081
331934989
332162521
332448229
332633665
332737121
332981293
333065305
333229141
333619357
333801937
333874333
334783585
334849321
335429641
335480759
336098957
336183697
337135501
337420679
337420945
337665901
337783981
337799701
338018617
338125537
338395681
338455153
338458807
338740417
338896369
338914369
339006841
339023833
339195097
339396401
339492169
339780041
339794641
339858541
341174821
341505829
341958121
341994131
342838313
343017529
343052833
343915321
344040061
344201441
344255551
344776301
346080391
346808881
347347087
347540401
348089281
348140881
348612265
348989101
349369021
349752913
350015257
350031973
350244577
350638597
351058753
351143101
351177769
351593899
352418041
352802803
352932337
353815801
353932801
353987481
354062809
354099089
354313441
354815761
354938221
355033729
355552561
356037241
356604421
356836819
357277921
357339745
357348601
357380101
357872971
358416577
358466361
358554841
358856641
358940737
359112857
359394751
359499781
359727073
360018361
360067201
360145633
360248785
360375181
360787771
361223941
361307521
361312337
361430161
361458505
361536869
362569201
363170837
363245581
363430637
364155793
364209199
364282381
364550761
364590721
364637701
364857751
364992481
365077373
365231401
365461741
365932297
366069601
366333613
366487201
366532321
366652201
367328977
367559501
367632301
367649569
367804801
367939585
368016949
368113411
368476501
369269551
369372193
369667561
369930133
369985681
370851481
370874245
370988521
371011801
371611153
372088401
372128149
372167101
373012777
373241089
373501441
373533617
373632673
373647313
373669453
373906513
374008321
374296627
374325841
374346361
374469847
374636353
374703127
374988661
375504791
376261117
376446889
376957153
377192353
377199661
377300557
377334497
377458849
377616421
377806687
377869031
378123085
378682537
378792649
379732501
379843309
380137633
382304161
382536001
382837729
383221033
383425351
383443201
383813431
383955481
384046273
384100001
384824441
385175113
385319089
385454161
385606981
385702681
385924105
386563801
387072661
387082453
387188561
387833531
388515205
388695301
389064589
389139265
389841661
390357793
390489121
390507001
390512785
390563185
390609941
390612221
390922741
391014937
391880497
391938301
392099401
392534231
392679737
393122521
393513121
393611653
393716701
394255261
394723177
395044651
395136505
395264101
395900557
396036877
396262945
396539101
396864469
396899581
397460911
398661901
398679121
398724701
399156661
399302581
399647221
399906001
400374253
400385701
400557109
400748657
400898233
400943401
401100881
401518657
402507769
403043257
403095421
403095967
403219201
403293313
403317421
404496401
404514145
404864701
405042001
405431121
405739681
405782623
406122361
406544461
407131165
407282851
407737201
407889161
408243865
408344851
408910133
409090501
409280851
409302001
409419811
409458241
409724569
409927057
410613809
410620465
410680357
411618241
411782089
411851389
412659721
412836689
412919041
413058601
413138881
413160265
413210785
413429801
413435121
413631505
413778817
414216461
414368641
414395281
414395701
415200361
415204501
415476343
415702105
415770103
415787041
415878541
416219161
416392005
416964241
416998207
417027451
417102767
417241045
417275677
417767201
417779909
417924361
418019701
418044563
418226581
418616161
418617281
418667401
419065921
419184481
419394781
419520241
420468481
420607441
421121701
421335721
421942951
422103133
422372821
422429041
422514145
422594201
422625391
422928101
423006781
423122057
423384001
423465001
423857701
424165163
424175761
424411501
424431541
424963281
425671429
425750689
425794601
425854241
425967301
426174101
426219649
426462997
426770437
426783811
426821473
426846577
426876397
427294141
427750291
428175073
428180191
428314531
428373401
428758201
428965741
429105041
429135841
429202541
429509837
429553345
430017701
430046857
430381921
430646401
430733701
430733941
430802101
431230801
431350561
431975089
432227449
432347371
434042801
434330401
434343601
434932961
435016187
435267001
435358657
435558565
435648901
435882901
435993301
436189051
436465501
437128861
437247841
437289029
437462101
437597101
437866087
437921785
438359041
438740149
439309261
439331491
439849181
440219011
440306461
440359921
440707345
441354497
441529089
441650591
441758461
442050577
442181291
442543553
442921609
443708917
444660421
445102183
445202605
445429693
445448641
446414621
446619617
447018521
447191893
447555361
447596673
447711745
447884857
447940141
447949201
448197589
449372551
449501761
449881081
449984305
450016901
450612001
450807481
450866021
450872573
452178673
452877841
452990401
453085381
453366029
453652381
453967739
454133953
454302241
454328281
454607281
454745773
454934401
455106601
455193113
455198563
455398903
455918257
456082001
456238945
456465153
457050361
457093585
457274161
457320533
457376401
457457617
458140957
458368201
459127189
459785089
459817133
460251733
460336801
460486921
460585861
461151121
461272267
461328897
461329601
461502097
461854261
462199681
462357739
462587329
462639409
462701513
462755521
463161601
463164451
464012033
464021641
464169259
464560921
464790781
464826781
464955857
465505633
466290949
466331041
466679251
466758181
466832665
466998301
467100937
467430913
467491753
467832421
468362665
468410113
468663481
468950021
469816705
469832401
470120257
470122777
470268137
470579831
470644021
470896201
471168253
471275713
471441001
471535373
471664513
471812701
471905281
472443517
472814413
473581057
473847121
473930965
474028161
474892741
474970501
474983881
475468927
475723849
476011901
476177905
476301649
476470401
476669557
477006181
477726145
478317601
478614067
479131969
479317561
479445613
479489557
479962009
480668347
481153501
481239361
481593997
482082601
482164597
482417857
482455717
482488393
482517217
482823469
482824669
482921297
483006889
483029821
483226741
483351217
483532105
483570301
483786433
483945601
484200289
484487641
484662529
484914001
486063001
486070213
486484581
486902929
486913681
487855681
487896601
488062901
488104681
488169289
488184445
488585521
488656981
488844301
489868345
489994201
490045501
490057837
490099681
490378981
490503601
490518181
490806121
490950461
491738801
492291673
492301041
492559141
492805261
492989281
493108481
493654105
493961737
494288677
494657791
495062443
495230905
495426541
495909871
496050841
496109729
496560349
496803553
497148599
497163121
497285713
498059647
498195961
498434437
498443401
498662561
498706651
498905189
499310197
500117773
500448821
500747293
501172241
501423361
501472333
501497569
502041931
502541803
502686713
503080201
503590573
503758801
504142381
504187021
504454879
504577585
504870241
504920305
505473263
505532773
505798213
505955737
506349421
506852161
507142567
507206701
507323521
507726901
507960001
508606771
508958605
509033161
509302873
509551201
509776741
509801183
509822401
510048529
510825601
510925609
511009801
511098521
511215521
511338241
511611673
512096761
512330281
512626201
514044301
514738981
515199901
515675161
516045197
516097051
516259657
516684961
516764063
517662001
517937581
518117041
518216201
518548801
518552785
518599929
518706721
519877345
520256985
521501473
521972081
521980201
522390109
522758233
523116561
523551601
523756711
523842337
524151253
524806185
524810861
525255197
525355285
525565441
526067821
526359289
526491265
526686889
526698937
527761081
527865801
528013333
528043753
528220117
528820501
529456033
529782121
529984801
530443201
530630701
530714887
531095029
531681281
532126801
532526401
532688401
532758241
532800133
533429881
533860309
534782293
535252867
535428577
535517581
536003333
536114197
536300821
536342419
536357053
536484031
536562937
536682511
536870911
537209921
537302701
539019361
539234821
539419805
539443213
539799481
540066241
540207097
540621181
540654409
540680141
541672957
541935901
542497201
542536457
542626201
543226321
543459961
544101481
544379181
544861633
545220869
545363281
545550433
545570641
545622401
546102481
546117301
546322201
546649741
546748931
547652161
548080513
548205841
548289001
548409401
548409473
548871961
548989561
549117205
549308761
549333121
549538081
549659521
550122001
550132741
550230409
550635373
550853137
551140129
551313001
551654065
551672221
551686201
551840221
552022219
552385765
552573793
552894301
552914071
553027201
553079179
553125937
554050861
554104261
554280805
554487121
554599051
554964001
555046097
555321007
555465601
555726421
556001377
556069849
556095433
556114609
556199281
556418721
556450777
557160241
557165209
557413165
557437999
557795161
557910505
558097345
558235109
558570961
558900821
558977761
559043941
559246605
559547773
559702153
561448487
561481921
561492181
561777121
561825265
562367821
562854601
563298061
563947141
564084841
564276061
564298489
564535441
564651361
564689381
564862145
565422001
565566001
565664761
565707061
566530849
566620201
566689927
567094501
567358513
567468721
567596401
568227241
568773361
568902001
568967221
569332177
569495809
569708161
570012121
570326401
570491461
570699181
570941881
571389001
571614681
571623583
572116501
572123521
572189941
572228929
572430769
572567353
572936869
573183451
573478165
573817861
573862021
573896881
573911857
574685545
574998841
575326033
575574049
576691741
576724219
577210181
577240273
577337761
577352641
577613261
578595989
578847585
579139561
579342673
579373873
579606301
579956653
580087873
580565233
580660081
581618143
582176001
582389641
582584941
582799951
583248601
583527601
584414041
585261637
586014067
586019071
586538503
586706821
586877351
587336401
587343541
587422609
588049001
588450061
588469649
589196881
590356357
590473801
590754385
591242653
591717787
591822001
592170601
592310181
592467451
592468777
593102881
593198497
593234929
593420941
593444545
593628481
593682169
593728489
593970769
594734257
595405201
595590841
595949005
596642713
596913265
597537361
597717121
599135767
599945293
600026131
600240181
600507277
600892993
600893921
600926509
601606487
601830881
602074585
602379181
602426161
602593441
603255001
604584221
604596601
604611019
605033065
605221501
605341837
605454917
605961049
606057985
606338185
606662281
606682081
606872449
607148653
607263553
607540033
607600871
607677181
607706401
607750681
608421637
608442121
608693905
608761297
608917753
608961241
609046957
609361567
609414961
609813781
609865201
610000501
611097401
611146861
611374453
611397865
611770513
611812321
611817421
611822541
612006253
612185029
612347905
612587521
612816751
613457065
613681701
613782601
613849601
614742241
615020401
615344227
615361183
615623737
615760133
615895897
616280897
616458961
616463809
616523701
616544101
617087701
617984101
618068881
619239457
619268401
619365121
619480601
619656001
620052301
620072251
620169409
620544961
620580961
620755537
620827621
621078301
621100741
621101185
621338641
621769669
622047427
622137601
622905661
623100457
623613961
623735953
624303241
624732421
625060801
625436665
625482001
626717471
627886657
628273405
628485445
628832881
628868467
629134081
629350345
629470465
629692801
630022069
630496621
630622753
630811513
630888481
631071001
631677421
631767943
631974613
632997001
633289807
633639097
634399417
635147101
635155291
635291077
635319361
635907581
636021211
636097177
636111451
636130769
636287653
636337073
636936697
636958945
637907581
638502913
638837761
638959321
639305921
639807781
639894421
639925441
639969891
640650931
640804243
640977373
641468401
641686081
641835811
642708001
642771921
642795427
643036321
643316461
643445881
643552909
643767931
644004817
644051001
644453633
644457551
644731357
644900257
645556481
645589351
645986401
647065321
647101585
647190253
648056449
648328801
648408773
648993961
650028061
650506321
650663861
651011329
651064681
651109537
651151801
651514753
651830821
652469641
652684201
652969351
653235841
653260633
654000061
654255467
654947101
655264369
655503913
656187001
656189101
656723161
656958061
657160945
657732349
658126621
658476001
658831741
659526601
659846021
660095641
660754117
661122881
661207177
661896145
662086041
662134201
663699961
663760681
664384321
664574653
665096941
665462081
665498107
665743429
666455581
666673261
668498321
668734753
669861505
670976641
670987021
671024389
671271581
671716921
672103001
672108193
672389641
672533921
672579671
672687133
673326013
673352629
673389601
673725469
673778561
673778827
674503921
674666641
675168193
675260477
675651469
676243261
676280221
676359391
676880821
677280561
677451241
678481693
678981871
679033681
680863261
680972909
680983817
681015021
681019921
681124207
681303241
681942801
682528687
683032801
683316001
683362681
683379841
684106401
684350833
684979693
685201141
685374691
686023537
686043661
686059921
686071009
686129221
686551351
687741401
688431601
688436893
688607101
688804399
689235121
689537341
689537441
689880801
690035713
690562601
691131349
691395871
691830811
691847573
691914161
692535637
692597647
692895421
692948029
693456521
694031221
694116893
694656901
694756585
696042901
696321949
696447181
696998251
697821857
697906561
698192041
698548201
698784361
698819711
699735345
700932961
701043421
701247001
702683101
703031253
703638565
703995733
704934361
705101761
705303457
705351583
705890219
706368713
706728377
706979341
707469841
707691601
707926801
707941081
708621217
708843241
709409993
709436557
710382401
710408917
710541481
710617861
710721001
711374401
711832061
711981649
712782561
713383171
713588401
713778661
713917891
714490481
714663139
715614901
716406481
716652001
716846065
716923729
717096641
717164449
717653129
717831211
718731001
718902241
719256497
719605393
719617249
720767521
720931121
721244161
722508229
722923201
722955773
723645001
723926841
724160251
724274671
724677797
724947337
724969087
725508241
725525137
726242881
726501601
727083001
728708401
728816401
728851507
728931841
729094843
730144441
730364137
730925713
731276521
731894131
732627401
732736621
732738097
732805681
732812353
733098913
733219201
733995883
734166217
734590837
734652901
734770681
734895721
735432773
736668013
737261953
738820351
739036541
739444021
739576801
740988151
741182401
741203281
741214237
741470549
741795133
741965821
741969537
742017181
742039441
742550401
743397733
743404663
743597065
744500641
744866305
745493761
745745461
745823881
745864945
745960501
746110201
746296993
746331041
746706961
746793763
747406801
747822945
747923905
748419127
748638001
748959709
749172821
749640161
750616739
750632137
750970801
751226401
751705597
752102401
752186593
752780161
753022201
753129505
753233717
753532781
753574537
753594001
753776173
754020361
754722001
754874257
755613145
756205633
756249901
756271909
756318751
756980137
757639387
758581651
758687581
758875601
758901701
759085273
759129229
759252367
759266621
759472561
759502081
759622753
759638881
759691801
760264009
762278161
762428071
762645313
762699649
763233745
763488241
763596709
763907741
764033999
764240611
764636569
764923477
765067321
765245881
765378241
765946441
766303693
766503409
766661221
766823797
766836481
767681853
768440063
768653281
769006153
769445561
770056141
770201221
770909107
770937931
771043201
771337891
771350581
771721949
772495777
773131927
773807401
774346981
775006201
775086481
775135201
775368901
775866001
775896181
776176261
776443769
777218989
777668401
777778561
778762501
779708281
779819587
780140451
780417001
781347841
781420097
781471001
781517881
782823281
783170137
784242901
784450393
784586881
784777393
784783477
784966297
784990921
785901313
786262321
787085857
787209277
787267041
788046901
788378701
788931361
789082001
790020001
790239241
790453049
790623289
790799801
791118043
791348811
792049381
792144161
792145729
792418705
793045561
794201333
794399041
794910961
794937601
795064909
796072003
796200901
796560703
797418997
797834017
798695191
798770161
798823081
799104721
799146601
799162561
799275961
799518721
799630753
799751361
799808401
799865461
799898833
799916101
800368261
800712901
801093011
801227269
801606401
801866647
803073601
803219365
803264281
803756449
803823553
804232261
804801313
804802777
804978721
805505957
805589621
805771501
805797433
807115753
807218413
807857389
807912865
808107301
808214161
808857721
809702401
809790881
809883361
810023881
810389105
810455101
810514081
810543301
810915701
811110301
811374709
811478533
811607777
811730923
812070721
814056001
814832177
815430533
815737177
815796413
816024161
816075457
816215401
816549121
816588901
816799369
816890561
817013401
817461745
817832329
818126311
818379745
818391211
818401321
818742961
818762569
819019201
819466201
819743233
819891679
820009831
821561203
821652601
822018961
822161665
822531841
823106593
823286701
823536781
824389441
824405041
826004467
826841641
828380791
828499393
829450909
829512001
829678141
829932601
830295901
830664451
831464305
831652257
831807145
831933901
832048447
832060801
832127489
832169857
832251421
832938261
833079121
833608321
833610751
834147721
834244501
834508585
834589801
834720601
835051057
836154047
836515681
836683849
836794843
837311761
837766217
837843931
838200805
838357141
839268139
839275921
839280691
839908217
840749761
841217653
841340521
841399021
841402801
841552921
841660961
841776001
842182881
842202361
842429809
842785841
842824981
842960981
843161887
843463501
843704401
843983191
844034241
844075051
844523569
844545271
844788757
845376533
846063361
846961321
847178641
847249131
847324843
847491361
848090377
848755969
849064321
849245167
849255177
849548671
850141207
850193401
850885141
851009545
851703301
851778817
851934601
852081121
852163157
852432769
852571951
852645691
852729121
852808881
852888961
854094781
854172271
854197345
854319269
854868257
855429841
855674041
855734401
855762559
856379057
857009881
857100421
857902861
858336529
858687103
858895921
859096477
859481921
859889917
859996477
860056705
860334301
860736889
860751985
861533821
861752809
861993793
862082677
862678081
863196181
863471521
863609113
863744701
863984881
864014581
864048865
865242841
865517185
866008153
867022747
867110501
867638201
867800701
867836593
867965251
868088341
868111597
868234081
868691401
868967401
869019481
869664801
870248821
870985223
871102441
871157233
871195561
871320385
871840261
871908481
873503401
873631027
874017145
875828101
876850801
877542481
878492941
878529601
878603701
878940833
879995689
880105381
880288049
880870513
880922657
881186801
881290609
882185941
882516991
882796321
882866161
883276549
883571401
884304037
884701441
884952001
885177541
885336481
885390017
885501721
885510239
886002481
886180429
886526641
886975441
887526251
887795221
888700681
888868441
891706861
892650067
892740853
893466301
893601541
893692819
894264337
894872071
895316305
895893433
895992721
896231953
896263705
896901461
897063677
897087361
897283213
897387481
897395201
897842401
897880321
898343713
898384501
898966801
899019353
899104501
900736411
901074259
901848301
902325201
902566501
902645857
903108821
903390643
905040953
905934745
906008281
906060169
906187381
906323601
907378669
907670501
907711561
908005249
910202509
910651393
910867481
911040481
911484421
913394881
914255785
914348737
914688433
914801665
914906539
915641821
915743251
915873505
916354209
917041301
917704081
918023891
918063343
918661501
919941841
920375821
920696653
920711045
920834197
920849761
921678081
921858631
922050481
922845241
923437213
923810401
924528061
925265551
925276681
925972201
926007985
926181361
926586001
926756881
927106561
927749203
927877001
928040131
928152673
928447861
928482241
928761505
929159941
930530701
930745621
931050721
931694401
932148253
933184801
933243301
933729421
934168861
934784929
935794081
936189745
936421141
937477801
937675393
938376181
939331345
939408601
939706021
939947009
940123801
940492785
941056273
941116177
941734657
942088201
942911461
943271569
943795201
944157061
944832533
944919141
945959365
946033201
946034057
946378657
946787377
947058085
947105461
947829889
947878081
947950501
947993761
949035585
949317217
949697233
949891321
951204961
951941161
952282801
952893881
953022151
954551431
954608761
954711241
954732853
954924013
955134181
955160701
955237141
955359901
955527301
955718345
956094193
956186121
956422657
957044881
957600541
957631249
958131157
958304893
958588681
958669921
958735681
958762729
958970545
959080601
960269377
960946321
962415721
962442001
962489557
962491237
962500561
962523169
962769553
963163201
963168193
964245001
964412837
964435969
965490677
965501857
966830545
967172909
967266451
967270129
967287751
967714021
967790401
968014401
968283247
968324881
968413217
968553181
968751241
968915521
969528337
970299721
970586713
971032861
971454661
971515777
971730985
971975071
974113601
974471243
974774401
974864521
975303121
975576281
975705781
975765787
976396961
976938061
977392711
977483449
977737321
977755351
977892241
979121545
979363153
979408801
979421111
980056507
980725201
980957461
981484561
981567505
981621145
981789337
981855281
981914401
982492561
983456377
983778269
984133441
984252001
985052881
985075681
986088961
986392021
987465151
987842101
988008337
989739829
990061957
990409421
990893569
993420289
993905641
994133479
994964251
995586373
995650921
996524101
997170931
997695661
997753901
997836841
998489017
998590601
998596741
998724481
999828727

5597 errors out of the first 1000000000 numbers
Error rate = 0.000560 percent
